list(tau=1, x=c(-0.620214, 0.237149, -1.58685, -0.401485, -0.770692, -0.262681, 0.97649, 0.977815, 1.17002, 0.159311, 0.499521, -1.05538, -0.450743, 1.27038, 0.898694, 0.438705, -1.24734, 0.324667, 0.39007, -0.405138, 0.292315, 2.56591, -0.457816, -1.61083, -2.66952, -0.759697, -0.674721, -1.17169, 2.03293, 0.968481, 0.670292, 0.420146, -2.87275, 1.68587, 0.0279246, -0.902031, -2.05326, 0.0890863, 2.0871, 0.365118, 0.846106, -0.184538, 1.03071, -1.52762, 0.964939, 0.526163, -0.184454, 0.198783, 1.59043, 0.0321916, 0.889164, -1.29915, 1.18257, 1.81747, -0.584302, -1.01067, -0.960498, 0.69116, -0.758618, -0.0969717, -1.40695, 1.03081, -0.759874, 0.874127, 0.761127, -0.165923, 0.300907, -0.322467, -0.368411, 1.1479, 0.0414303, -1.09805, 1.56672, -1.04842, 0.422724, -0.844414, -0.31163, 0.39781, 1.04979, -0.340796, 0.336297, -0.221361, 0.0166495, -1.19236, -0.131646, 1.48752, -0.836821, -1.30098, 1.57413, 1.16604, 0.78643, -1.46164, 1.55447, -0.597535, -1.21057, -0.702669, 0.356429, 0.652636, 0.215671, -0.263896, 1.80244, -0.642984, 0.109555, -0.719038, 0.420628))
