list(tau=15, x=c(-1.93113, 0.6603, -1.10251, -0.102971, -1.0598, -1.23857, -1.88924, -0.973585, 0.212116, 0.493442, 1.54718, 0.644933, -2.14836, -1.02884, -0.141582, -2.52671, -0.312981, -0.593618, 0.332322, 0.558851, 0.899884, -0.200899, -0.233735, 1.44991, 1.83613, -0.382918, 0.155083, -0.964648, 0.0387564, 0.765458, -0.594524, 0.130246, 0.0350135, -0.624674, -0.539775, 1.87996, -1.00385, -0.497446, -1.5044, -0.0954493, 0.396727, -0.527115, 0.344571, -0.723291, 1.26819, -0.0312427, 0.778212, 2.18048, 0.437814, 1.33333, 0.251078, -0.310471, -0.923004, -0.384776, 1.15818, 0.8625, -1.03471, -0.192673, -1.29972, 0.306596, 0.968992, -0.747317, -2.79602, 0.696732, 3.20691, 0.536007, 0.298451, 0.284043, 0.959664, 2.08759, 1.52468, -0.195261, 0.0172603, 0.24634, -0.854485, 1.15778, 0.161908, 1.55706, -0.193544, 1.6513, -1.89878, 1.82252, -1.51842, -1.05107, 0.0499305, -1.45475, 0.466546, 0.545437, 1.32032, -0.404494, 0.418469, 0.247349, 0.70411, 0.631939, -0.992362, 1.76671, -0.382104, -0.911425, -0.99609, 1.19514, -0.159448, 2.70403, -0.1985, -0.141405, 0.411268))
