list(tau=0.5, x=c(1.16495, 0.626839, 0.0750802, 0.351607, -0.696513, 1.69614, 0.0590598, 1.79707, 0.264069, 0.871673, -1.44617, -0.701165, 1.24598, -0.638977, 0.57735, -0.36003, -0.135576, -1.34934, -1.27045, 0.98457, -0.0448806, -0.798945, -0.765172, 0.861735, -0.0562251, 0.513478, 0.396681, 0.756219, 0.400486, -1.34138, 0.375041, 1.12516, 0.728642, -2.37745, -0.273782, -0.32294, 0.317988, -0.511172, -0.00204135, 1.60651, 0.847649, 0.268101, -0.923489, -0.0704994, 0.147891, -0.557094, -0.336706, 0.415227, 1.55781, -2.4443, -1.0982, 1.12265, 0.581667, -0.271354, 0.414191, -0.977814, -1.02147, 0.317688, 1.51611, 0.749432, -0.5077, 0.885299, -0.248094, -0.726249, -0.44504, -0.612911, -0.209144, 0.562148, -1.06392, 0.351589, 1.133, 0.149994, 0.703144, -0.0524116, 2.0185, 0.924159, -1.81411, 0.0349733, -1.80786, 1.02819, 0.3946, 0.639406, 0.874213, 1.7524, -0.320051, -0.137414, 0.61577, 0.977894, -1.11535, -0.550021, 0.0398849, -2.48284, 1.15865, -1.02628, 1.15349, -0.786457, 0.634809, 0.82041, -0.176027, 0.562474, -0.127443, 0.554172, -1.09734, -0.731301, 1.40473))
